452893
409261
494313
622941
981220
847883
639671
372355
694084
736404
575450
495542
207861
588116
366382
111549
591913
816264
449778
250562
759372
062531
293075
801471
880384
990662
372334
134151
351962
752308
363266
132809
042568
770619
921147
900419
658103
355698
244318
912919
389448
389229
476167
004221
657585
657630
600839
322672
268615
762850
029168
306665
448511
901937
793681
728483
590888
774884
373264
588218
928188
558283
148425
682706
639733
099977
561073
911110
935896
466317
571147
694277
403339
779046
979390
070044
223110
803062
284988
866557
602316
967805
100582
969360
461852
659963
451426
511778
938172
750860
118751
103242
110230
792203
693178
743568
274623
960121
371297
226956
469039
785295
200905
822521
925151
645011
305701
058160
728710
646679
235493
801604
936730
008906
902445
549959
927558
751683
399202
502870
361891
531957
767913
558812
859949
565884
861251
214556
785827
348183
348187
764754
867437
012093
463310
486044
938368
665560
879964
283008
461488
354761
068673
821086
392192
550781
521597
444152
176606
666156
325603
831986
981994
164051
690499
950237
087344
567381
423638
110270
467532
428777
105149
116849
362798
077834
656489
973307
242286
417400
774222
869041
573687
101122
248251
841192
841990
906277
331280
037357
786414
157187
273938
720428
342892
034334
228150
256790
560008
670377
071417
215643
073942
042927
558414
007622
291814
280752
472743
876642
186485
798648
129662
355491
571222
327541
024468
440753
455809
925352
603486
058246
745546
872295
113685
566766
584954
376576
478076
548134
718993
421964
645445
577562
076816
989231
848779
125766
448398
868100
329787
508628
479932
362131
290383
635969
748832
950608
667338
696807
702288
165591
057871
173782
170841
265918
291734
788557
330597
713263
352033
819114
954841
535834
010140
286848
908847
816641
623392
052166
032085
362736
914472
218415
857017
450075
560310
473874
848704
498945
492389
310637
234982
747939
461660
978005
221634
041980
995579
838081
807949
247796
116693
321014
920774
456872
258721
614277
576707
411882
573360
339839
758288
837168
668118
272948
459436
975450
013075
955474
289925
878637
692121
452343
300738
027175
652062
056651
043910
647637
636285
048535
794305
106479
591429
729975
771310
027541
117995
924292
221423
373629
186681
489199
358333
350546
078655
019164
658913
256084
001637
179240
791591
921749
615404
008696
380768
758097
715299
424725
955843
133299
762965
060689
740960
626819
943078
512752
380370
158787
694833
992319
724412
263456
282623
970136
276590
378773
056343
284872
200819
499792
836136
257929
307506
649938
261366
790456
686305
116052
965588
077006
164291
798458
621340
037974
259437
305823
912721
307755
248729
755897
874653
762208
731427
800141
537644
653187
820903
142671
330237
495516
015784
519133
953204
645875
068459
817905
551612
558382
800280
265605
176249
960200
179524
656067
160911
918957
295772
984353
096626
992439
416066
178134
530904
993194
375066
993999
164888
761228
638239
149955
087641
127584
127851
276559
181103
436901
008634
578597
936042
662839
128673
824278
870522
731215
112577
333482
098161
711756
337492
592331
156717
173148
645998
089721
799845
604360
157515
911441
797624
788307
583336
156393
648928
975153
193595
241328
623416
010951
618994
791837
480741
471930
560237
906307
493814
472307
527591
299564
624286
987726
875010
387869
390850
353661
778595
224221
103969
266602
307583
206513
872128
830346
678461
904400
506844
080414
951747
285312
493831
771683
823609
748474
393524
079079
368914
612863
358225
878245
261261
736049
201880
735966
077414
441934
567595
758990
659755
662574
456989
065687
109659
930353
423883
060019
094890
786017
414427
034168
675111
917999
150137
800216
758057
498462
731278
935889
875198
243989
207135
122219
294845
553590
513088
156168
835668
563373
981394
493374
308950
983898
790555
735908
042897
611512
966399
421247
636258
892283
984848
536703
635477
212895
136668
396815
228103
015005
558984
773294
783346
985926
505078
641822
837321
750971
664260
739150
330524
745820
213046
415972
867964
149767
205150
178912
278812
545455
761409
617965
390528
523737
429469
490600
860743
341800
524385
578193
700290
175870
908045
918495
668980
524768
898973
600168
316192
262499
394788
375716
659622
704570
178080
429586
894632
628247
741802
742410
216311
912231
745670
790852
553335
642651
805562
128932
954099
015750
355516
999433
139419
236150
536986
001813
814583
566010
112993
329861
063097
258128
236137
065450
836167
781856
428235
495110
324638
154063
231538
128950
513743
810491
444500
148960
173699
106528
976819
526533
034723
027532
478248
772496
193132
432380
534705
290688
117595
668023
682452
440856
436012
399791
219463
869078
009944
253855
792987
354854
492311
281649
369140
904367
083261
484599
441411
708304
503418
458486
630596
023896
324013
893009
196062
706727
211459
584545
330268
049206
380385
272444
748060
503327
988150
699251
643440
959414
422016
846633
453416
122172
362570
167211
991727
420485
591084
873148
817641
048858
783929
349550
203773
197846
244709
773331
920379
793449
833657
745676
333494
894052
648106
425286
659031
778316
959590
748804
638280
452001
748772
009225
638228
118934
524381
061372
349150
543286
476236
710014
715926
283964
649048
082568
578348
695113
098575
164367
201193
609013
